Version identifier: 22.1.1.0 | 2022-11-27 | 9160aff4d
Legacy callback                                  pi
Tried aggregator 1 time.
MIP Presolve eliminated 5 rows and 5 columns.
MIP Presolve modified 5 coefficients.
Reduced MIP has 50615 rows, 51500 columns, and 302000 nonzeros.
Reduced MIP has 51000 binaries, 0 generals, 0 SOSs, and 0 indicators.
Presolve time = 0,09 sec. (136,83 ticks)
Found incumbent of value 65,000000 after 0,28 sec. (377,85 ticks)
Probing time = 0,27 sec. (26,98 ticks)
Tried aggregator 1 time.
Detecting symmetries...
Reduced MIP has 50615 rows, 51500 columns, and 302000 nonzeros.
Reduced MIP has 51000 binaries, 0 generals, 0 SOSs, and 0 indicators.
Presolve time = 0,20 sec. (240,98 ticks)
Probing time = 0,14 sec. (24,49 ticks)
Clique table members: 152410.
MIP emphasis: balance optimality and feasibility.
MIP search method: dynamic search.
Parallel mode: deterministic, using up to 12 threads.
Root relaxation solution time = 1,95 sec. (325,59 ticks)

        Nodes                                         Cuts/
   Node  Left     Objective  IInf  Best Integer    Best Bound    ItCnt     Gap

*     0+    0                           65,0000     2255,0000              --- 
      0     0      252,6790   181       65,0000      252,6790     1086  288,74%
      0     0      252,6790   164       65,0000      Cuts: 34     1139  288,74%
      0     0      252,6790   176       65,0000     Cuts: 101     1276  288,74%
      0     0      252,6790   178       65,0000      Cuts: 81     1498  288,74%
*     0+    0                           75,0000      252,6790           236,91%
      0     0        cutoff             75,0000      252,6790     1498  236,91%
      0     2      252,6790   153       75,0000      252,6790     1498  236,91%
Elapsed time = 8,19 sec. (6486,60 ticks, tree = 0,02 MB, solutions = 2)
      4     3      252,6733   155       75,0000      252,6790     1588  236,91%
     10     6      251,3285   157       75,0000      252,6733     1764  236,90%
     25    18      251,3334   180       75,0000      252,6733     2993  236,90%
     44    41      250,8686   161       75,0000      252,6733     5337  236,90%
     62    27      251,2274   169       75,0000      252,6733     4639  236,90%
     72    64      250,5269   184       75,0000      252,6733     8113  236,90%
     74    12      252,6733   187       75,0000      252,6733     2388  236,90%
     75    72      251,2639   161       75,0000      252,6733    10286  236,90%
     90    83      252,6221   152       75,0000      252,6733    12336  236,90%
    205   113      250,8747   161       75,0000      252,6733    17228  236,90%
Elapsed time = 21,97 sec. (10509,75 ticks, tree = 5,15 MB, solutions = 2)
    372   262      251,0970   139       75,0000      252,6733    25504  236,90%
    490   393      249,9356   150       75,0000      252,6733    34780  236,90%
    581   541      250,4263   148       75,0000      252,6733    49275  236,90%
    697   633      250,7029   146       75,0000      252,6733    59410  236,90%
    837   704      250,3934   141       75,0000      252,6733    66313  236,90%
    941   822      249,3712   153       75,0000      252,6733    79998  236,90%
   1043   894      236,7030   124       75,0000      252,6733    90457  236,90%
   1178  1023    infeasible             75,0000      252,6733   105243  236,90%
   1367  1091      245,3755   110       75,0000      252,6733   114261  236,90%
   1554  1124      244,3950   129       75,0000      252,6733   120237  236,90%
Elapsed time = 60,41 sec. (20097,79 ticks, tree = 192,48 MB, solutions = 2)
   1592  1207      242,2074   122       75,0000      252,6733   133709  236,90%
   1629  1294      243,9411   127       75,0000      252,6733   144608  236,90%
   1806  1304      244,4307   125       75,0000      252,6733   145455  236,90%
   2077  1462      242,8194   110       75,0000      252,6733   155981  236,90%
   2369  1512    infeasible             75,0000      252,6733   158636  236,90%
   2576  1612      237,8439   106       75,0000      252,6733   166648  236,90%
*  2676+ 1429                           80,0000      252,6733           215,84%
   2792  1641      236,2403    88       80,0000      252,6733   168895  215,84%
   3090  1797    infeasible             80,0000      252,6733   185464  215,84%
   3357  1919      234,5851   106       80,0000      252,6733   190692  215,84%
   3588  2055    infeasible             80,0000      252,6733   196740  215,84%
Elapsed time = 93,69 sec. (29853,41 ticks, tree = 567,27 MB, solutions = 6)
*  3597+ 1724                           89,0000      252,6733           183,90%
   3778  2115      252,6689   167       89,0000      252,6733   200199  183,90%
   3946  2332      251,8193   126       89,0000      252,6733   218137  183,90%
   4071  2406      251,9491   163       89,0000      252,6733   224638  183,90%
   4221  2566      233,0699    95       89,0000      252,6733   239237  183,90%
   4371  2636      250,9546   117       89,0000      252,6733   246386  183,90%
   4503  2720      248,5810   115       89,0000      252,6733   253507  183,90%
   4675  2914      245,4346   121       89,0000      252,6733   270417  183,90%
   4870  2937      242,3161   113       89,0000      252,6733   271555  183,90%
   4960  3031      248,8019   124       89,0000      252,6733   280617  183,90%
   4976  3178      245,4243   102       89,0000      252,6733   294895  183,90%
Elapsed time = 135,00 sec. (39499,74 ticks, tree = 985,13 MB, solutions = 7)
   5045  3256      234,1896    91       89,0000      252,6733   302676  183,90%
   5206  3304      248,7309   106       89,0000      252,6733   305938  183,90%
   5357  3369      231,8027    80       89,0000      252,6733   308777  183,90%
   5499  3388      252,1280   153       89,0000      252,6733   309178  183,90%
   5709  3548      251,5038   150       89,0000      252,6733   320348  183,90%
   5860  3620      250,0712   135       89,0000      252,6733   325987  183,90%

Performing restart 1

Repeating presolve.
Tried aggregator 1 time.
Reduced MIP has 50615 rows, 51500 columns, and 302000 nonzeros.
Reduced MIP has 51000 binaries, 0 generals, 0 SOSs, and 0 indicators.
Presolve time = 0,11 sec. (134,49 ticks)
Tried aggregator 1 time.
Reduced MIP has 50615 rows, 51500 columns, and 302000 nonzeros.
Reduced MIP has 51000 binaries, 0 generals, 0 SOSs, and 0 indicators.
Presolve time = 0,23 sec. (244,65 ticks)
Represolve time = 2,03 sec. (759,39 ticks)
   5868     0      252,6790   208       89,0000      Cuts: 64   345907  183,90%
   5868     0      252,6769   200       89,0000      Cuts: 44   346143  183,90%
   5868     0      252,3465   210       89,0000      Cuts: 80   346667  183,54%
   5868     0      252,0740   235       89,0000     Cuts: 192   346887  183,23%
   5868     0      250,5255   208       89,0000      Cuts: 92   347156  181,49%
   5868     0      250,1074   157       89,0000      Cuts: 81   347372  181,02%
   5868     0      250,0738   183       89,0000      Cuts: 62   347521  180,98%
   5868     0      249,9783   230       89,0000      Cuts: 44   347736  180,87%
   5868     0      249,9734   229       89,0000      Cuts: 67   347983  180,87%
   5868     0      249,9077   208       89,0000      Cuts: 48   348165  180,80%
   5868     0      249,8871   190       89,0000      Cuts: 52   348332  180,77%
   5868     0      249,8726   214       89,0000      Cuts: 54   348443  180,76%
   5868     0      249,8644   217       89,0000      Cuts: 50   348543  180,75%
   5868     0      249,8292   183       89,0000      Cuts: 39   348663  180,71%
   5868     0      249,8271   162       89,0000      Cuts: 44   348785  180,70%
   5868     0      249,8271   205       89,0000      Cuts: 60   348922  180,70%
   5868     0      249,8238   196       89,0000      Cuts: 23   349055  180,70%
   5868     0      249,8122   218       89,0000      Cuts: 36   349154  180,69%
   5868     2      249,8122   206       89,0000      249,8122   349154  180,69%
   5870     4      249,7505   192       89,0000      249,8122   349342  180,69%
   5873     3      249,7763   190       89,0000      249,8122   349291  180,69%
   5876     6      249,5612   157       89,0000      249,8122   349465  180,69%
Elapsed time = 193,09 sec. (84021,78 ticks, tree = 0,02 MB, solutions = 7)
   5882     9      249,6816   192       89,0000      249,7645   349772  180,63%
   5888     6      249,4027   178       89,0000      249,7645   349784  180,63%
   5904    27      249,4626   139       89,0000      249,7645   351730  180,63%
   5932    28      249,6181   148       89,0000      249,7395   352685  180,61%
   5986    59      249,3280   142       89,0000      249,7395   356129  180,61%
   6069   138      248,9744   126       89,0000      249,7395   361912  180,61%
   6182   211      249,3971   131       89,0000      249,7395   366719  180,61%
   6295   347      249,3925   146       89,0000      249,7395   371053  180,61%
   6411   369      247,2093   167       89,0000      249,6873   372065  180,55%
   6525   556      249,0747   143       89,0000      249,6873   376747  180,55%
Elapsed time = 241,33 sec. (93814,58 ticks, tree = 10,87 MB, solutions = 7)
   6650   719      249,3943   144       89,0000      249,6873   381273  180,55%
   6800   638      246,9207   129       89,0000      249,6873   380004  180,55%
   6900   927      246,7671   117       89,0000      249,6873   386219  180,55%
   7008   936      246,7193   142       89,0000      249,6873   386288  180,55%
   7026   986      246,8485   145       89,0000      249,6873   387369  180,55%
   7077  1111      246,8483   146       89,0000      249,6873   391727  180,55%
   7169  1121      249,2656   141       89,0000      249,6873   392261  180,55%
   7317  1164      246,8349   173       89,0000      249,6873   393057  180,55%
   7440  1272      249,3645   162       89,0000      249,6873   397550  180,55%
   7578  1311      247,0885   171       89,0000      249,6873   399273  180,55%
Elapsed time = 290,64 sec. (104172,79 ticks, tree = 277,32 MB, solutions = 7)
   7707  1468      248,1007   121       89,0000      249,6873   404540  180,55%
   7849  1743      249,2550   142       89,0000      249,6873   412568  180,55%
   7975  1896      246,3883   151       89,0000      249,6873   415773  180,55%
   8079  1923      246,3554   146       89,0000      249,6873   417722  180,55%
   8240  1964      245,5937   110       89,0000      249,6873   418444  180,55%
   8330  2113      248,8954   130       89,0000      249,6856   421190  180,55%
   8424  2235      249,4093   157       89,0000      249,6856   424716  180,55%
*  8543+ 2242                           97,0000      249,6856           157,41%
   8544  2313      243,3000   102       97,0000      249,6856   426854  157,41%
   8668  2521      244,5258   137       97,0000      249,6856   432613  157,41%
   8828  2516      248,8841   133       97,0000      249,6856   431678  157,41%
Elapsed time = 337,45 sec. (113776,89 ticks, tree = 709,96 MB, solutions = 9)
   9018  2651      244,5120   158       97,0000      249,6856   435924  157,41%
   9172  2941      247,8471   151       97,0000      249,6856   442787  157,41%
   9316  3068      244,5114   149       97,0000      249,6856   446512  157,41%
   9447  3065      245,5323   181       97,0000      249,6856   445931  157,41%
   9564  3244      240,9467   109       97,0000      249,6856   451384  157,41%
   9691  3413      248,6084   132       97,0000      249,6856   458898  157,41%
   9743  3428      248,2932   137       97,0000      249,6856   459188  157,41%
*  9744+ 3423                          100,0000      249,6856           149,69%
   9744  3461    infeasible            100,0000      249,6856   459746  149,69%
   9749  3539      237,9576   104      100,0000      249,6856   463696  149,69%
   9754  3607      245,1928   105      100,0000      249,6856   466450  149,69%
Elapsed time = 388,28 sec. (123902,73 ticks, tree = 1095,36 MB, solutions = 10)
   9766  3635      240,1876   128      100,0000      249,6856   467335  149,69%
   9809  3651      248,2899   132      100,0000      249,6856   467703  149,69%
   9896  3659      244,3419   134      100,0000      249,6831   467909  149,68%
  10002  3696      249,0608   108      100,0000      249,6831   469376  149,68%
  10118  3751      246,8774   138      100,0000      249,6831   472444  149,68%
  10257  3859      249,0983   142      100,0000      249,6831   475627  149,68%
  10411  3916      249,2146   132      100,0000      249,6831   477234  149,68%
  10578  4023      248,8908   166      100,0000      249,6831   483077  149,68%
  10725  4395      248,7429   100      100,0000      249,6788   495786  149,68%
* 11075+ 4399                          106,0000      249,6788           135,55%
  11475  5060      248,7054   164      106,0000      249,6788   512308  135,55%
Elapsed time = 451,80 sec. (136382,97 ticks, tree = 1586,71 MB, solutions = 11)
  12067  5502      244,8068   119      106,0000      249,6465   524316  135,52%
  12897  6237      239,8411   126      106,0000      249,6465   545601  135,52%
* 13536+ 6923                          113,0000      249,6465           120,93%
* 13579+ 6728                          130,0000      249,6465            92,04%
  13656  6819      244,4166   113      130,0000      249,6465   559379   92,04%
  14623  7575      238,5939   149      130,0000      249,6246   571229   92,02%
  15259  8430      249,0429   164      130,0000      249,6246   583905   92,02%
  15704  8858      248,8127   186      130,0000      249,6246   593742   92,02%
* 16010+ 9018                          134,0000      249,6246            86,29%
  16109  9148      244,6588   103      134,0000      249,6246   602611   86,29%
  16482  9381      248,8054   158      134,0000      249,6246   608282   86,29%
  17161 10041      248,5538   170      134,0000      249,6236   617043   86,29%
* 17261+ 9716                          135,0000      249,6236            84,91%
* 17760+ 8807                          185,0000      249,5879            34,91%
  18000 10788      248,6253   134      185,0000      249,5879   632438   34,91%
Elapsed time = 662,74 sec. (174573,10 ticks, tree = 3589,48 MB, solutions = 15)
Nodefile size = 1531,52 MB (872,15 MB after compression)
* 18564+ 8807                          187,0000      249,5879            33,47%
  18564  8809      239,0861   100      187,0000      249,5879   592687   33,47%
* 18567+11753                          188,0000      249,5879            32,76%
  18745 11768      249,3548   144      188,0000      249,5879   649102   32,76%
* 18868+11779                          193,0000      249,5871            29,32%
* 19381+11811                          194,0000      249,5871            28,65%
  19810 12088      239,0481    82      194,0000      249,5871   654254   28,65%
  20915 13657      248,6564   134      194,0000      249,5871   673544   28,65%
  22135 14423      247,7400   173      194,0000      249,5871   681169   28,65%
  23329 15388      248,5677   149      194,0000      249,5123   691067   28,61%
* 23816+15524                          199,0000      249,5123            25,38%
  24502 16300      248,4069   156      199,0000      249,5056   704864   25,38%
  25619 18020      248,7366   168      199,0000      249,5056   729364   25,38%
  26732 18790      247,4179   140      199,0000      249,5056   742118   25,38%
  27851 19813      249,1102   145      199,0000      249,5056   760252   25,38%
Elapsed time = 928,84 sec. (214248,96 ticks, tree = 4923,66 MB, solutions = 22)
Nodefile size = 2861,68 MB (1614,59 MB after compression)
  28605 20639      249,0179   137      199,0000      249,5056   776141   25,38%
  29278 21464      243,5437   118      199,0000      249,5056   792740   25,38%
  29858 22269      248,3843   182      199,0000      249,5056   811916   25,38%
  30170 22418      247,2702   145      199,0000      249,5056   815752   25,38%
  30443 22854      247,9189   172      199,0000      249,5056   822858   25,38%
  30658 16519      235,7595   109      199,0000      249,5056   709541   25,38%
  30694 23234      246,1956   132      199,0000      249,5056   829937   25,38%
  30747 23307      249,1019   163      199,0000      249,4846   832899   25,37%
  31091 23469      247,9926   172      199,0000      249,4846   834820   25,37%
  31492 23818      248,3032   144      199,0000      249,4846   837970   25,37%
Elapsed time = 1245,47 sec. (254678,48 ticks, tree = 5024,63 MB, solutions = 22)
Nodefile size = 2957,29 MB (1653,08 MB after compression)
  32366 24188      248,9855   157      199,0000      249,4813   843472   25,37%
  33315 24733      248,5941   164      199,0000      249,4813   850356   25,37%
  33459 25218      243,5538   116      199,0000      249,4813   855167   25,37%
  34210 26298      249,1071   186      199,0000      249,4813   866176   25,37%
  35204 27480      248,6181   176      199,0000      249,4813   880927   25,37%
  36607 28521      248,1530   146      199,0000      249,4760   899161   25,36%
  37886 29293      248,5917   174      199,0000      249,4760   913540   25,36%
  39229 31049      248,2121   148      199,0000      249,4760   940250   25,36%
  40483 31702      248,6913   174      199,0000      249,4658   954221   25,36%
  41986 33081      247,8655   113      199,0000      249,4616   976962   25,36%
Elapsed time = 1463,00 sec. (292843,88 ticks, tree = 5213,75 MB, solutions = 22)
Nodefile size = 3150,17 MB (1725,97 MB after compression)
  43357 34416      244,5028   124      199,0000      249,4616   999286   25,36%
* 44034+35389                          209,0000      249,4548            19,36%
* 44127+35389                          212,0000      249,4548            17,67%
* 44212+35389                          213,0000      249,4548            17,11%
  44333 34851      248,8576   229      213,0000      249,4548  1005179   17,11%
* 44349+35389                          218,0000      249,4548            14,43%
  44354 36253      249,2680   151      218,0000      249,4548  1029616   14,43%
  44677 36884      246,2492   141      218,0000      249,4548  1042022   14,43%
  45207 37049      248,7081   176      218,0000      249,4548  1042381   14,43%
  45645 37488      249,1869   177      218,0000      249,4548  1050185   14,43%
  45960 37884      248,2801   133      218,0000      249,4548  1053418   14,43%
  46144 38103      248,3106   151      218,0000      249,4548  1055213   14,43%
  46532 38327      248,2988   228      218,0000      249,4548  1056619   14,43%
  47108 38726      238,6719   143      218,0000      249,4548  1062671   14,43%
Elapsed time = 1815,36 sec. (332038,07 ticks, tree = 5430,83 MB, solutions = 23)
Nodefile size = 3360,07 MB (1811,29 MB after compression)
* 47130+35389                          219,0000      249,4548            13,91%
  47823 39480      248,2452   165      219,0000      249,4548  1071433   13,91%
  48355 39854      247,4361   169      219,0000      249,4548  1077549   13,91%
  49013 41065      244,7614   112      219,0000      249,4548  1103798   13,91%
  49650 41374      248,6025   136      219,0000      249,4548  1106523   13,91%
  50302 41745      248,7881   172      219,0000      249,4548  1114570   13,91%
  51056 42571      245,8771   152      219,0000      249,4548  1128247   13,91%
  51797 42742      248,2972   143      219,0000      249,4548  1132647   13,91%
  52571 44044      248,7105   169      219,0000      249,4548  1153379   13,91%
  53363 44830      248,1907   150      219,0000      249,4548  1164095   13,91%
  53600 45358      239,3230   115      219,0000      249,4548  1173182   13,91%
Elapsed time = 2147,38 sec. (370247,77 ticks, tree = 5588,52 MB, solutions = 23)
Nodefile size = 3519,84 MB (1864,26 MB after compression)
  53674 45831      248,2571   134      219,0000      249,4548  1179437   13,91%
  54269 45945      249,0624   169      219,0000      249,4548  1180431   13,91%
  54948 46584    infeasible            219,0000      249,4548  1191485   13,91%
  55697 46991      248,5761   164      219,0000      249,4548  1200903   13,91%
  56298 47721      247,9621   197      219,0000      249,4548  1210103   13,91%
  57137 48302      249,0806   148      219,0000      249,4548  1224640   13,91%
* 57447+35389                          220,0000      249,4548            13,39%
  58056 48941      248,9586   163      220,0000      249,4548  1230217   13,39%
  58887 50672      248,6922   177      220,0000      249,4548  1255530   13,39%
  59590 49866      246,5712   158      220,0000      249,4548  1250400   13,39%
* 60158+35561                          221,0000      249,4548            12,88%
  60171 51530      245,3910   160      221,0000      249,4548  1272295   12,88%
Elapsed time = 2370,45 sec. (408451,93 ticks, tree = 5729,77 MB, solutions = 23)
Nodefile size = 3663,19 MB (1911,57 MB after compression)
  60621 51639      249,1251   155      221,0000      249,4548  1274394   12,88%
  60880 52684      247,7524   188      221,0000      249,4548  1289396   12,88%
  61349 52892      247,1226   129      221,0000      249,4548  1293179   12,88%
  62045 52979      248,1108   172      221,0000      249,4548  1296113   12,88%
  62633 53876      248,1079   195      221,0000      249,4548  1309612   12,88%
  63474 54348      248,6317   173      221,0000      249,4548  1317581   12,88%
  64380 54885      248,0679   160      221,0000      249,4548  1323181   12,88%
  65148 55403      247,0858   137      221,0000      249,4548  1339607   12,88%
  65938 56907      248,8346   181      221,0000      249,4548  1361730   12,88%
  66709 57321      245,5081   156      221,0000      249,4548  1366263   12,88%
Elapsed time = 2647,53 sec. (446641,69 ticks, tree = 5867,57 MB, solutions = 23)
Nodefile size = 3795,95 MB (1952,67 MB after compression)
  67014 58161      249,0159   170      221,0000      249,4548  1379151   12,88%
  67141 58501      249,0642   167      221,0000      249,4548  1381376   12,88%
  67587 58632      248,9122   189      221,0000      249,4548  1383718   12,88%
  68461 59013      245,9778   146      221,0000      249,4548  1390577   12,88%
  68867 59373      246,4452   123      221,0000      249,4548  1395183   12,88%
  69166 59915      248,7608   178      221,0000      249,4548  1401584   12,88%
  69814 60858      248,6360   142      221,0000      249,4548  1420748   12,88%
  70358 61284      247,1602   179      221,0000      249,4548  1424066   12,88%
  70842 61428      239,6075   108      221,0000      249,4548  1428351   12,88%
  71657 62170      248,1203   134      221,0000      249,4548  1439410   12,88%
Elapsed time = 2884,19 sec. (485424,95 ticks, tree = 5989,32 MB, solutions = 23)
Nodefile size = 3921,71 MB (1995,47 MB after compression)
  72792 62546      248,3400   153      221,0000      249,4548  1442731   12,88%
  73661 63102      248,6675   202      221,0000      249,4548  1449745   12,88%
  74591 65174      248,2126   171      221,0000      249,4548  1473367   12,88%
  75383 65278      248,3219   176      221,0000      249,4548  1475612   12,88%
  76193 66086      242,5521   120      221,0000      249,4548  1490335   12,88%
  77007 66775      246,3450   150      221,0000      249,4548  1499250   12,88%
  77735 68658      240,7434   118      221,0000      249,4548  1524237   12,88%
  78708 68826      238,7107   153      221,0000      249,4548  1525902   12,88%
  79643 69847      247,5061   147      221,0000      249,4548  1537252   12,88%
  80432 69754      246,4715   141      221,0000      249,4548  1536411   12,88%
Elapsed time = 3144,22 sec. (523606,09 ticks, tree = 6169,58 MB, solutions = 23)
Nodefile size = 4097,93 MB (2049,41 MB after compression)
  80883 70634      248,6486   142      221,0000      249,4548  1547605   12,88%
  80996 71907      245,8140   148      221,0000      249,4548  1569277   12,88%
  81461 72368      239,3851   139      221,0000      249,4548  1573434   12,88%
  82013 72430      245,4085   165      221,0000      249,4548  1574865   12,88%
  82603 73510      248,4274   167      221,0000      249,4548  1594511   12,88%
  83487 73673      247,8466   193      221,0000      249,4548  1596316   12,88%
  84425 73799      247,6627   139      221,0000      249,4548  1599983   12,88%
  85253 74279      245,6708   146      221,0000      249,4548  1608390   12,88%
  85735 76074      245,5308   137      221,0000      249,4548  1629299   12,88%
  86129 76560      249,2854   175      221,0000      249,4548  1636966   12,88%
Elapsed time = 3513,25 sec. (562351,76 ticks, tree = 6338,86 MB, solutions = 23)
Nodefile size = 4272,29 MB (2100,15 MB after compression)
  86639 76405      247,6094   143      221,0000      249,4548  1635747   12,88%
  86998 77532      244,9316   181      221,0000      249,4548  1650306   12,88%
  87560 77076      249,1333   151      221,0000      249,4548  1643965   12,88%
  87831 77702      248,5960   140      221,0000      249,4548  1652871   12,88%
  88122 78724      248,7481   176      221,0000      249,4548  1669565   12,88%
  88934 79073      247,7783   198      221,0000      249,4548  1675205   12,88%
  89716 79227      248,8483   142      221,0000      249,4548  1676557   12,88%
  90546 79784      246,1579   129      221,0000      249,4548  1687749   12,88%
  91700 81277      246,5640   171      221,0000      249,4548  1712082   12,88%
  92623 81259      248,6823   180      221,0000      249,4548  1711243   12,88%
Elapsed time = 3755,84 sec. (600605,72 ticks, tree = 6434,30 MB, solutions = 30)
Nodefile size = 4360,95 MB (2125,37 MB after compression)
  93629 83131      246,7917   215      221,0000      249,4548  1734614   12,88%
  94398 83873      244,0634   177      221,0000      249,4548  1746496   12,88%
  95188 84416      245,6182   123      221,0000      249,4548  1757205   12,88%
